10001100000000000000000000011111
10001100001000010000000000011110
00000000000000010001000000100000
00000000000000010001100000100010
00000000000000000010000011000000
00000000000000010010100011000010
10101100110000100000000000011101
10101100110000110000000000011100
10101100110001000000000000011011
10101100110001010000000000011010
00000000000000000000000000000000
00000000000000000000000000000000
00000000000000000000000000000000
00000000000000000000000000000000
00000000000000000000000000000000
00000000000000000000000000000000
00000000000000000000000000000000
00000000000000000000000000000000
00000000000000000000000000000000
00000000000000000000000000000000
00000000000000000000000000000000
00000000000000000000000000000000
00000000000000000000000000000000
00000000000000000000000000000000
00000000000000000000000000000000
00000000000000000000000000000000
00000000000000000000000000000000
00000000000000000000000000000000
00000000000000000000000000000000
00000000000000000000000000000000
11100000111110000011111000001111
00011111000001111100000111110000